strain	Year	rmpA-A2	iucABCD-iutA	peg344	oqxAB	blaLAP-2	dfrA	qnr-like	sul-like	tetA
1155	y2018	0	0	0	1	0	1	0	0	0
1156	y2018	1	1	1	0	0	1	0	0	0
1157	y2018	0	0	0	0	0	1	0	0	0
1158	y2018	0	0	0	0	0	1	0	1	0
1160	y2019	1	1	1	0	0	1	0	0	0
18603	y2014	0	0	0	1	0	0	0	0	0
18996	y2014	0	0	0	0	0	1	0	1	0
19225	y2014	0	0	0	0	0	1	0	1	0
26500	y2014	0	0	0	0	0	0	0	0	0
28367	y2015	0	0	0	0	0	0	0	0	0
28374	y2015	0	0	0	0	0	0	0	0	0
28606	y2015	0	0	0	1	0	0	0	0	0
29177	y2015	0	0	0	1	0	0	0	0	0
29597	y2015	0	1	0	1	0	1	0	0	0
30158	y2015	0	1	0	1	0	1	0	0	0
30762	y2015	0	0	0	1	0	0	0	0	0
30906	y2015	0	0	0	1	0	0	0	0	0
31776	y2015	0	0	0	1	0	0	0	0	0
32662	y2015	0	0	0	1	0	0	0	0	0
33068	y2015	0	0	0	1	0	0	0	0	0
33130	y2015	1	1	1	1	0	0	0	0	0
33229	y2015	0	1	1	1	0	0	0	0	0
33316	y2015	0	0	0	1	0	1	0	1	0
33367	y2015	1	1	1	0	1	1	1	1	1
33433	y2015	0	0	0	1	0	0	0	1	1
34395	y2015	0	0	0	1	0	0	0	0	0
34435	y2015	0	0	0	0	1	1	1	0	1
35218	y2015	0	0	0	0	0	0	0	0	0
35319	y2015	0	0	0	1	0	0	0	0	0
35738	y2015	0	0	0	0	1	1	1	1	1
35925	y2015	0	0	0	0	0	0	0	0	0
35973	y2016	0	0	0	0	1	1	1	1	1
36086	y2015	0	0	0	0	0	0	0	0	0
36329	y2016	0	0	0	1	1	1	1	1	1
36424	y2016	0	0	0	1	1	1	1	1	1
36610	y2016	0	1	1	1	0	0	0	0	0
36621	y2016	0	0	0	0	0	1	0	1	1
37458	y2016	0	0	0	1	1	1	1	1	1
37485	y2016	0	0	0	0	0	0	0	0	0
37539	y2016	0	0	0	1	1	1	1	1	1
37672	y2016	0	0	0	1	0	0	0	0	0
37737	y2016	0	0	0	1	0	1	0	1	1
38088	y2016	1	1	1	0	1	1	1	1	1
38175	y2016	0	0	0	1	1	1	1	1	1
38308	y2016	1	1	1	0	1	1	1	1	1
38394	y2016	1	1	1	0	1	1	1	1	1
38902	y2016	0	0	0	1	0	1	0	1	1
39199	y2016	0	0	0	0	0	1	1	0	1
39468	y2016	1	1	1	0	1	1	1	1	1
40995	y2016	0	0	0	0	0	0	0	0	0
41307	y2016	1	1	1	0	1	1	1	1	1
41645	y2016	1	1	1	0	1	1	1	1	1
41749	y2017	0	0	0	1	1	1	1	1	1
41827	y2016	1	1	1	0	1	1	1	1	1
42012	y2016	0	0	0	0	0	1	0	1	1
42014	y2016	0	0	0	1	0	1	0	1	1
42167	y2016	0	0	0	0	1	1	1	1	1
42792	y2016	1	1	1	0	1	1	1	1	1
43215	y2016	0	0	0	0	1	1	1	1	1
43236	y2016	1	1	1	0	0	0	0	0	0
43325	y2016	0	0	0	0	1	1	1	1	1
43364	y2016	1	1	1	0	1	1	1	1	1
43390	y2016	1	1	1	0	1	1	1	1	1
43804	y2016	0	0	0	0	1	1	1	1	1
43883	y2016	0	0	0	1	0	1	0	1	1
43885	y2016	0	0	0	0	1	1	1	1	1
43905	y2016	1	1	1	0	1	1	1	1	1
44195	y2017	1	1	1	0	1	1	1	1	1
44287	y2017	1	1	1	0	1	1	1	1	1
44680	y2017	1	1	1	0	1	1	1	1	1
44694	y2017	1	1	1	0	1	1	1	1	1
45032	y2017	1	1	1	0	1	1	1	1	1
45181	y2017	1	1	1	0	1	1	1	1	1
45221	y2017	1	1	1	0	0	1	1	0	1
45245	y2017	1	1	1	0	1	1	1	1	1
45347	y2017	1	1	1	0	1	1	1	1	1
45383	y2017	1	1	1	0	1	1	1	1	1
45601	y2017	1	1	1	0	1	1	1	1	1
45628	y2017	1	1	1	0	1	1	1	1	1
45733	y2017	1	1	1	0	1	1	1	1	1
45815	y2017	0	0	0	0	1	1	1	1	1
45934	y2017	0	0	0	0	1	1	1	1	1
46179	y2017	1	1	1	0	1	1	1	1	1
46186	y2017	1	1	1	0	1	1	1	1	1
46437	y2017	1	1	1	0	0	1	0	0	0
46534	y2017	1	1	1	0	0	1	0	1	0
46538	y2017	0	0	0	0	0	1	0	1	1
46745	y2017	1	1	1	0	1	1	1	1	1
46753	y2017	0	0	0	0	1	1	1	1	1
46882	y2017	1	1	1	0	1	1	1	1	1
46892	y2017	1	1	1	0	1	1	1	1	1
46893	y2017	1	1	1	0	0	1	0	0	0
46934	y2017	1	1	1	0	1	1	1	1	1
47354	y2017	0	0	0	0	1	1	1	1	0
47434	y2017	1	1	1	0	1	1	1	1	1
48241	y2017	1	1	1	0	0	0	0	0	0
48375	y2017	1	1	1	0	1	1	1	1	1
48518	y2017	1	1	1	0	1	1	1	1	1
48771	y2017	1	1	1	0	1	1	1	1	1
48813	y2017	1	1	1	0	0	1	1	1	1
49733	y2017	1	1	1	0	1	1	1	1	1
49745	y2017	1	1	1	0	1	1	1	1	1
49748	y2017	0	0	0	0	0	1	0	0	0
49939	y2017	1	1	1	0	1	1	1	1	1
51177	y2014	0	1	0	1	1	1	1	1	1
52701	y2015	0	0	0	1	0	0	0	0	0
54314	y2015	0	0	0	0	0	0	0	0	0
54324	y2015	0	0	0	0	0	0	0	0	0
55105	y2015	0	0	0	0	1	0	1	1	1
55361	y2016	0	0	0	1	0	0	0	0	0
55368	y2016	0	0	0	1	0	0	0	0	0
56141	y2016	0	0	0	1	0	0	0	0	0
57909	y2016	0	0	0	0	0	0	0	0	0
58442	y2016	0	0	0	1	0	0	0	0	0
60247	y2017	0	0	0	1	0	1	0	1	1
62247	y2017	1	1	1	0	1	0	1	0	0
62254	y2017	0	0	0	1	0	1	0	0	0
62923	y2018	0	0	0	1	0	0	0	0	0
62975	y2018	0	0	0	1	0	1	0	0	0
62984	y2018	0	0	0	1	0	1	0	0	0
62990	y2018	0	0	0	1	0	1	0	0	0
63095	y2018	1	1	1	0	0	0	0	0	0
63096	y2018	1	1	1	0	0	1	0	0	0
63172	y2018	1	1	1	0	0	0	0	0	0
63176	y2018	0	0	0	0	0	1	0	1	0
63213	y2018	1	1	1	0	0	1	0	0	0
63250	y2018	0	0	0	0	0	0	0	0	0
63268	y2018	1	1	1	0	1	1	1	1	1
63271	y2018	1	1	1	0	0	0	0	0	0
63619	y2018	1	1	1	0	1	1	1	1	1
63719	y2018	0	0	0	0	0	0	0	0	0
63746	y2018	0	0	0	1	1	0	1	1	1
63819	y2018	1	1	1	0	0	1	1	1	0
63828	y2018	1	1	1	0	0	1	0	0	0
63838	y2018	0	1	1	0	0	0	0	0	0
63981	y2018	1	1	1	0	0	1	0	0	0
64318	y2017	0	0	0	0	0	0	0	0	0
64600	y2017	1	1	1	0	1	1	1	1	1
64868	y2017	0	0	0	0	0	1	0	1	1
65325	y2017	1	1	1	0	1	1	1	1	1
65942	y2017	1	1	1	0	1	1	1	1	1
65999	y2017	1	1	1	0	1	1	1	1	1
66076	y2017	1	1	1	0	1	0	1	0	0
66117	y2017	1	1	1	0	1	1	1	1	1
66484	y2017	1	1	1	0	1	1	1	1	1
66595	y2017	1	1	1	0	1	0	1	0	0
66611	y2017	1	1	1	0	1	1	1	1	1
66619	y2017	1	1	1	0	1	1	1	1	1
66639	y2017	1	1	1	0	1	1	1	1	1
66719	y2017	1	1	1	0	1	1	1	1	1
66781	y2017	1	1	1	0	0	0	0	0	0
66866	y2017	1	1	1	0	0	1	1	0	1
66879	y2017	0	0	0	1	0	0	0	0	0
67969	y2017	1	1	1	0	1	1	1	1	1
68042	y2017	1	1	1	0	1	1	1	0	1
68043	y2017	1	1	1	0	1	1	1	1	1
68117	y2017	1	1	1	0	1	1	1	1	1
68355	y2017	1	1	1	0	1	1	1	1	1
68389	y2017	1	1	1	0	1	1	1	1	1
68743	y2017	1	1	1	0	1	1	1	1	1
68767	y2017	1	1	1	0	1	1	1	0	1
68770	y2017	1	1	1	0	1	1	1	1	1
69550	y2018	1	1	1	0	1	1	1	1	1
69676	y2018	0	0	0	0	1	1	1	1	1
69823	y2018	1	1	1	0	1	1	1	1	1
69958	y2018	1	1	1	0	1	1	1	1	1
70059	y2018	1	1	1	0	1	1	1	1	1
70061	y2018	1	1	1	0	1	1	1	1	1
70098	y2018	1	1	1	0	1	1	1	1	1
70611	y2018	1	1	1	0	1	1	1	1	1
70700	y2018	1	1	1	0	1	1	1	1	1
71133	y2018	1	1	1	0	1	1	1	1	1
71481	y2018	0	0	0	1	0	0	0	0	0
71650	y2018	1	1	1	0	1	1	1	1	1
71784	y2018	1	0	1	0	1	0	1	0	1
71899	y2018	1	1	1	0	1	0	1	1	1
72072	y2018	1	1	1	0	1	1	1	1	1
72100	y2018	0	0	1	1	0	1	1	1	1
72297	y2018	1	1	1	0	1	1	1	1	1
72977	y2018	1	1	1	0	1	1	1	1	1
73072	y2018	0	0	0	1	0	0	0	0	0
73564	y2018	1	1	1	0	1	1	1	1	1
74170	y2018	0	0	0	1	0	0	0	0	0
74506	y2018	1	1	1	0	1	1	1	1	1
75150	y2018	0	0	0	1	0	0	0	0	0
75366	y2018	1	1	1	0	1	0	1	1	1
75683	y2018	1	1	1	0	1	1	1	1	1
76087	y2018	1	1	1	0	1	1	1	1	1
76151	y2018	0	1	0	1	0	0	1	1	1
76260	y2018	1	1	1	0	1	1	1	1	1
76556	y2018	0	0	0	1	0	1	0	1	1
76632	y2018	1	1	1	0	1	1	1	1	1
76753	y2018	1	1	1	0	1	1	1	1	1
76888	y2018	1	1	1	0	0	0	0	0	0
77053	y2018	0	0	0	1	0	0	0	0	0
77166	y2018	1	1	1	0	1	1	1	1	1
77336	y2018	0	1	1	0	0	0	0	0	0
77527	y2018	0	0	0	0	1	1	1	0	1
77638	y2018	1	1	1	0	1	1	1	1	1
77693	y2018	0	0	1	0	1	1	1	1	1
77775	y2018	1	1	1	0	0	1	0	1	1
78348	y2018	1	1	1	0	1	1	1	1	1
79190	y2018	1	1	1	0	0	1	1	1	0
79205	y2018	1	1	1	0	0	1	1	1	0
79247	y2018	0	0	0	1	0	1	0	0	0
79253	y2018	0	0	0	0	0	0	0	0	0
79379	y2018	1	1	1	0	1	1	1	1	1
79466	y2018	1	1	1	0	1	1	1	1	1
79470	y2018	1	1	1	0	1	1	1	1	1
79632	y2018	0	0	1	0	1	1	1	1	1
80942	y2018	1	1	1	0	1	1	1	1	1
80949	y2018	1	1	1	0	1	1	1	1	1
80956	y2018	1	1	1	0	1	1	1	1	1
80957	y2018	1	1	1	0	1	0	1	0	0
81322	y2018	1	1	1	0	1	1	1	1	1
81561	y2018	0	0	0	0	1	1	1	1	1
81987	y2018	0	0	0	0	1	0	1	1	1
82033	y2018	1	1	1	0	1	1	1	1	1
82090	y2018	1	1	1	0	1	1	1	1	1
82875	y2018	1	1	1	0	0	1	0	0	0
83085	y2018	0	0	0	0	0	0	0	0	0
83243	y2018	1	1	1	0	1	1	1	1	1
83665	y2018	0	0	0	0	1	1	1	1	1
83669	y2018	1	1	1	0	1	1	1	1	1
83703	y2018	1	1	1	0	0	0	0	0	0
83705	y2018	1	1	1	0	0	0	0	0	0
83707	y2018	1	1	1	0	0	0	0	0	0
84033	y2018	1	1	1	0	1	1	1	1	1
84043	y2018	1	1	1	0	1	1	1	1	1
84044	y2018	1	1	1	0	1	1	1	1	1
84075	y2018	1	1	1	0	1	1	1	1	1
84908	y2018	1	1	1	0	1	1	1	1	1
85212	y2018	0	0	1	0	0	1	0	0	1
86035	y2018	1	1	1	0	1	1	1	1	1
87330	y2018	1	1	1	0	0	0	0	0	0
87409	y2018	1	1	1	0	1	0	1	1	1
87412	y2018	1	1	1	0	1	0	1	1	1
87419	y2018	1	1	1	0	1	0	1	1	1
87420	y2018	1	1	1	0	1	0	1	1	1
88371	y2019	0	1	0	0	0	1	0	1	1
88382	y2019	1	1	1	0	1	1	1	1	1
88386	y2019	1	1	1	0	1	1	1	1	1
88394	y2019	0	0	0	0	0	0	0	0	0
88477	y2019	1	1	1	0	0	1	0	1	1
88689	y2019	1	1	1	0	1	1	1	1	1
88696	y2019	0	0	0	1	0	1	0	1	1
88789	y2019	1	1	1	0	1	1	1	1	1
88811	y2019	1	1	1	0	1	1	1	1	1
88926	y2019	1	1	1	0	0	1	1	1	0
88928	y2019	1	1	1	0	0	1	1	1	0
88958	y2019	0	1	1	0	0	0	0	0	0
89270	y2019	1	1	1	0	1	1	1	1	1
89332	y2019	1	1	1	0	1	1	1	1	1
89401	y2019	0	0	0	1	1	0	1	1	1
89402	y2019	0	0	0	1	1	0	1	1	1
89403	y2019	0	0	0	1	1	0	1	1	1
89412	y2019	0	0	0	1	1	0	1	1	1
89453	y2019	1	1	1	0	1	0	1	1	1
89454	y2019	1	1	1	0	1	0	1	1	1
89492	y2019	0	0	0	0	0	1	0	1	1
89558	y2019	0	1	1	0	0	1	0	0	0
89560	y2019	1	1	1	0	0	1	0	0	0
89770	y2019	1	1	1	0	1	1	1	1	1
89828	y2019	1	1	1	0	0	0	0	0	0
89939	y2019	1	1	1	0	1	0	1	1	1
90112	y2019	1	1	1	0	1	1	1	1	1
90303	y2019	1	1	1	0	1	1	1	1	1
90403	y2019	1	1	1	0	1	1	1	1	1
90465	y2019	1	1	1	0	1	0	1	1	1
90651	y2019	1	1	1	0	0	0	0	0	0
90813	y2019	0	0	0	0	0	1	0	1	1
91262	y2019	1	1	1	0	1	1	1	1	1
91471	y2019	1	1	1	0	1	1	1	1	1
91472	y2019	1	1	1	0	1	1	1	1	1
91476	y2019	1	1	1	0	1	1	1	1	1
91478	y2019	1	1	1	0	1	1	1	1	1
91480	y2019	1	1	1	0	1	1	1	1	1
91485	y2019	1	1	1	0	1	1	1	1	1
91487	y2019	1	1	1	0	1	1	1	1	1
91497	y2019	0	1	0	0	1	0	1	1	1
91770	y2019	1	1	1	0	1	1	1	1	1
91911	y2019	1	1	1	0	1	1	1	1	1
91917	y2019	1	1	1	0	1	1	1	1	1
92063	y2019	0	0	0	1	0	0	0	0	0
92188	y2019	1	1	1	0	1	0	1	1	1
92238	y2019	1	1	1	0	1	1	1	1	1
92376	y2019	1	1	1	0	1	1	1	1	1
92425	y2019	0	0	0	0	0	0	0	0	0
92716	y2019	0	0	0	0	0	0	0	0	0
92786	y2019	0	0	0	0	0	0	0	0	0
92868	y2019	1	1	1	0	0	1	0	0	0
92986	y2019	1	1	1	0	1	1	1	1	1
93106	y2019	0	0	0	0	0	0	0	0	0
93385	y2019	1	1	1	0	0	1	0	0	0
93445	y2019	1	1	1	0	1	1	1	1	1
93758	y2019	1	0	1	0	1	1	1	1	1
94035	y2019	0	0	0	1	0	0	0	0	0
94074	y2019	1	1	1	0	1	0	1	1	1
94082	y2019	1	1	1	0	1	0	1	1	1
94085	y2019	1	1	1	0	1	0	1	1	1
94092	y2019	1	1	1	0	1	0	1	1	1
94099	y2019	1	1	1	0	0	0	0	0	0
94102	y2019	1	1	1	0	1	0	1	1	1
94142	y2019	1	1	1	0	0	1	0	0	0
94985	y2019	1	1	1	0	1	0	1	1	1
95192	y2019	1	1	1	0	0	0	0	0	0
95280	y2019	1	1	1	0	0	1	0	0	0
95410	y2019	0	0	0	0	1	1	1	1	1
95558	y2019	1	1	1	0	1	0	1	1	1
95572	y2019	1	1	1	0	1	0	1	1	1
95619	y2019	1	1	1	0	0	1	0	0	0
95930	y2019	1	1	1	0	1	0	1	1	1
96202	y2019	1	1	1	0	1	1	1	1	1
96271	y2019	1	1	1	0	0	0	0	0	0
96938	y2019	1	1	1	0	1	1	1	1	1
97304	y2019	1	1	1	0	1	1	1	1	1
97581	y2019	1	1	1	0	1	0	1	1	1
97588	y2019	1	1	1	0	1	0	1	1	1
97596	y2019	1	1	1	0	1	0	1	1	1
97822	y2019	0	0	0	0	0	0	0	0	0
98180	y2019	1	1	1	0	1	0	1	1	1
98308	y2019	1	1	1	0	1	0	1	1	1
98591	y2019	1	1	1	0	1	0	1	1	1
98690	y2019	1	1	1	0	1	0	1	1	1
99088	y2019	1	1	1	0	1	1	1	1	1
99333	y2019	1	1	1	0	1	0	1	1	1
99369	y2019	1	1	1	0	1	0	1	1	1
99430	y2019	1	1	1	0	1	0	1	1	1
99503	y2019	1	1	1	0	1	0	1	0	1
99509	y2019	1	1	1	0	1	0	1	0	1
99763	y2019	1	1	1	0	1	0	1	1	1
100043	y2019	0	0	0	1	0	1	0	1	1
100054	y2019	0	0	0	1	0	1	1	1	1
100278	y2019	1	1	1	0	1	0	1	1	1
100301	y2019	1	1	1	0	1	0	1	1	1
100609	y2019	1	1	1	0	1	1	1	1	1
100611	y2019	1	1	1	0	1	0	1	1	1
100618	y2019	0	1	1	0	1	1	1	1	1
100650	y2019	1	1	1	0	0	1	0	0	0
100903	y2019	1	1	1	0	1	0	1	1	1
101005	y2019	1	1	1	0	1	0	1	1	1
101119	y2019	1	1	1	0	1	1	1	1	1
101605	y2019	1	1	1	0	1	1	1	1	1
101718	y2019	1	1	1	0	1	0	1	1	1
101758	y2019	1	1	1	0	1	1	1	1	1
101860	y2019	1	1	1	0	1	1	1	1	1
102112	y2019	1	1	1	0	1	1	1	1	1
102303	y2019	1	1	1	0	1	0	1	1	1
102479	y2019	1	1	1	0	1	1	1	1	1
102513	y2019	0	0	0	0	1	1	1	1	1
102517	y2019	1	1	1	0	1	1	1	1	1
102532	y2019	1	1	1	0	1	1	1	1	1
102549	y2019	0	0	0	0	1	1	1	1	1
102560	y2019	0	0	0	1	1	0	1	1	1
103072	y2019	1	1	1	0	1	1	1	1	1
103824	y2019	1	1	1	0	1	1	1	1	1
104616	y2019	1	0	1	0	1	1	1	1	1
104913	y2019	0	0	0	0	0	0	0	0	0
105185	y2019	1	1	1	0	1	1	1	1	1
105364	y2019	1	1	1	0	1	1	1	1	1
105670	y2019	1	1	1	0	1	1	1	1	0
105784	y2019	1	1	1	0	1	1	1	1	1
105799	y2019	1	1	1	0	1	1	1	1	1
106028	y2019	1	1	1	0	0	0	0	0	0
107151	y2019	1	1	1	0	1	0	1	1	1
107477	y2019	1	1	1	0	1	0	1	0	0
107696	y2019	0	0	0	1	0	1	0	1	1
108098	y2019	0	1	1	0	0	1	0	0	0
108109	y2019	1	1	1	0	0	1	0	0	0
108180	y2019	1	1	0	0	0	1	0	0	0
108236	y2019	1	1	1	0	0	1	1	0	1
108628	y2019	1	1	1	0	1	1	1	1	1
108659	y2019	1	1	1	0	1	1	1	1	1
108783	y2019	1	1	1	0	1	1	1	1	1
108785	y2019	1	1	1	0	1	1	1	1	1
108786	y2019	1	1	1	0	1	1	1	1	1
108790	y2019	1	1	1	0	1	1	1	1	1
108799	y2019	1	1	1	0	1	1	1	1	1
109096	y2019	1	1	1	0	1	1	1	1	1
109204	y2019	1	1	1	0	1	1	1	1	1
110012	y2019	1	1	1	0	1	1	1	1	1
110128	y2019	1	1	1	0	1	0	1	1	1
110391	y2019	1	1	1	0	1	1	1	1	1
110407	y2019	1	1	1	0	1	0	1	1	1
110409	y2019	1	1	1	0	1	1	1	1	1
110736	y2019	1	1	1	0	1	1	1	1	1
110777	y2019	1	1	1	0	1	1	1	1	1
111074	y2019	0	0	0	0	1	0	1	1	1
111099	y2019	1	1	1	0	1	1	1	1	1
111113	y2019	1	1	1	0	1	1	1	1	1
111488	y2019	0	0	1	0	1	0	1	1	1
111848	y2019	1	1	1	0	1	0	1	1	1
112202	y2019	1	1	1	0	1	1	1	1	1
112843	y2019	1	1	1	0	0	0	0	0	0
112902	y2019	1	1	1	0	1	1	1	1	1
113877	y2019	1	1	1	0	1	1	1	1	1
113916	y2019	1	1	1	0	1	0	1	1	1
113925	y2019	1	1	1	0	1	0	1	1	1
114120	y2019	1	1	1	0	1	1	1	1	1
114121	y2019	1	1	1	0	1	1	1	1	1
114490	y2019	1	1	1	0	1	1	1	1	1
114534	y2019	1	1	1	0	1	1	1	1	1
114535	y2019	1	1	1	0	1	1	1	1	1
114554	y2019	1	1	1	0	1	0	1	1	1
114604	y2019	1	1	1	0	1	1	1	1	0
114761	y2019	1	1	1	0	1	0	1	1	1
115814	y2019	1	1	1	0	0	0	0	0	0
115851	y2019	1	1	1	0	0	0	0	0	0
115893	y2019	1	1	1	0	0	0	0	0	0
115906	y2019	1	1	0	0	1	0	1	1	1
116109	y2019	1	1	1	0	1	1	1	1	1
116140	y2019	1	1	1	0	1	1	1	1	1
116141	y2019	1	1	1	0	1	1	1	1	1
116147	y2019	1	1	1	0	1	1	1	1	1
116148	y2019	1	1	1	0	1	1	1	1	1
116177	y2019	1	1	1	0	1	1	1	1	1
116210	y2019	1	1	1	0	1	1	1	1	1
116215	y2019	1	1	1	0	1	1	1	1	1
116216	y2019	1	1	1	0	1	1	1	1	1
116217	y2019	1	1	1	0	1	1	1	1	1
116276	y2019	1	1	1	0	0	1	0	0	0
K128	y2019	0	0	0	0	1	1	1	1	1
